50100,7977,1,0
50100,7692,2,0
50100,1889,3,0
50100,1723,4,0
50100,1876,5,0
50100,1935,6,0
50100,1774,7,0
50100,1891,8,0
50100,1925,9,0
50100,2316,10,0
50100,2019,11,0
50100,9981,12,0
50100,2115,13,0
50100,2113,14,0
50100,4982,15,1
50101,4982,1,0
50101,2114,2,0
50101,2116,3,0
50101,9982,4,0
50101,2014,5,0
50101,2969,6,0
50101,1754,7,0
50101,1926,8,0
50101,1985,9,0
50101,1863,10,0
50101,1691,11,0
50101,1981,12,0
50101,1742,13,0
50101,7830,14,0
50101,7977,15,1
50200,1116,1,0
50200,1114,2,0
50200,1118,3,0
50200,1876,4,0
50200,1935,5,0
50200,1774,6,0
50200,1891,7,0
50200,1925,8,0
50200,2316,9,0
50200,2019,10,0
50200,9981,11,0
50200,2115,12,0
50200,2113,13,0
50200,4982,14,1
50201,4982,1,0
50201,2114,2,0
50201,2116,3,0
50201,9982,4,0
50201,2014,5,0
50201,2969,6,0
50201,1754,7,0
50201,1926,8,0
50201,1985,9,0
50201,1863,10,0
50201,1691,11,0
50201,1117,12,0
50201,1115,13,0
50201,1116,14,1
