18002100,4982,1,0
18002100,2114,2,0
18002100,2116,3,0
18002100,9982,4,0
18002100,2014,5,0
18002100,2969,6,0
18002100,1754,7,0
18002100,1926,8,0
18002100,1985,9,0
18002100,1863,10,0
18002100,1691,11,0
18002100,1981,12,0
18002100,1742,13,0
18002100,7830,14,0
18002100,7977,15,1
18002101,7977,1,0
18002101,7692,2,0
18002101,1889,3,0
18002101,1723,4,0
18002101,1876,5,0
18002101,1935,6,0
18002101,1774,7,0
18002101,1891,8,0
18002101,1925,9,0
18002101,2316,10,0
18002101,2019,11,0
18002101,9981,12,0
18002101,2115,13,0
18002101,2113,14,0
18002101,4982,15,1
18002200,2014,1,0
18002200,2969,2,0
18002200,1754,3,0
18002200,1926,4,0
18002200,1985,5,0
18002200,1863,6,0
18002200,1691,7,0
18002200,1117,8,0
18002200,1115,9,0
18002200,1116,10,1
18002201,1116,1,0
18002201,1114,2,0
18002201,1118,3,0
18002201,1876,4,0
18002201,1935,5,0
18002201,1774,6,0
18002201,1891,7,0
18002201,1925,8,0
18002201,2316,9,0
18002201,2019,10,1
