18002100,4982,1,0
18002100,2114,2,0
18002100,2116,3,0
18002100,9982,4,0
18002100,2014,5,0
18002100,2969,6,0
18002100,1754,7,0
18002100,1926,8,0
18002100,1985,9,0
18002100,1863,10,0
18002100,1691,11,0
18002100,1981,12,0
18002100,1742,13,0
18002100,7830,14,0
18002100,7977,15,1
18002101,7977,1,0
18002101,7692,2,0
18002101,1889,3,0
18002101,1723,4,0
18002101,1876,5,0
18002101,1935,6,0
18002101,1774,7,0
18002101,1891,8,0
18002101,1925,9,0
18002101,2316,10,0
18002101,2019,11,0
18002101,9981,12,0
18002101,2115,13,0
18002101,2113,14,0
18002101,4982,15,1
18002200,2014,1,0
18002200,2969,2,0
18002200,1754,3,0
18002200,1926,4,0
18002200,1985,5,0
18002200,1863,6,0
18002200,1691,7,0
18002200,1117,8,0
18002200,1115,9,0
18002200,1504,10,1
18002201,1504,1,0
18002201,1114,2,0
18002201,1115,3,0
18002201,1118,4,0
18002201,1876,5,0
18002201,1935,6,0
18002201,1774,7,0
18002201,1891,8,0
18002201,1754,9,1
18002201,1925,10,0
18002201,2316,11,0
18002201,2019,12,1
18002300,3900,1,0
18002300,3606,2,0
18002300,3875,3,0
18002300,2687,4,0
18002300,2717,5,0
18002300,2715,6,0
18002300,2006,7,0
18002300,22991,8,0
18002300,22992,9,0
18002300,1518,10,0
18002300,1515,11,0
18002300,1514,12,1
18002301,1513,1,0
18002301,1516,2,0
18002301,1519,3,0
18002301,22993,4,0
18002301,22990,5,0
18002301,2162,6,0
18002301,2716,7,0
18002301,2718,8,0
18002301,2877,9,0
18002301,3876,10,0
18002301,3607,11,0
18002301,3899,12,1
