18002100,49821,1,0
18002100,21131,2,0
18002100,21151,3,0
18002100,99811,4,0
18002100,20141,5,0
18002100,23161,6,0
18002100,19251,7,0
18002100,19261,8,0
18002100,19851,9,0
18002100,19351,10,0
18002100,18761,11,0
18002100,19811,12,0
18002100,18891,13,0
18002100,78301,14,0
18002100,79771,15,1
18002101,79772,1,0
18002101,78302,2,0
18002101,18892,3,0
18002101,19812,4,0
18002101,18762,5,0
18002101,19352,6,0
18002101,19852,7,0
18002101,19262,8,0
18002101,19252,9,0
18002101,23162,10,0
18002101,20142,11,0
18002101,99812,12,0
18002101,21152,13,0
18002101,21132,14,0
18002101,49822,15,1
18002200,49821,1,0
18002200,21131,2,0
18002200,21151,3,0
18002200,99811,4,0
18002200,20141,5,0
18002200,23161,6,0
18002200,19251,7,0
18002200,19261,8,0
18002200,19851,9,0
18002200,19351,10,0
18002200,18761,11,0
18002200,11171,12,0
18002200,11141,13,0
18002200,11163,14,1
18002201,11164,1,0
18002201,11142,2,0
18002201,11172,3,0
18002201,18762,4,0
18002201,19352,5,0
18002201,19852,6,0
18002201,19262,7,0
18002201,19252,8,0
18002201,23162,9,0
18002201,20142,10,0
18002201,99812,11,0
18002201,21152,12,0
18002201,21132,13,0
18002201,49822,14,1
18002300,1513,1,0
18002300,1516,2,0
18002300,1519,3,0
18002300,22993,4,0
18002300,22990,5,0
18002300,2162,6,0
18002300,2716,7,0
18002300,2718,8,0
18002300,2877,9,0
18002300,3876,10,0
18002300,3607,11,0
18002300,3899,12,1
18002301,3900,1,0
18002301,3606,2,0
18002301,3875,3,0
18002301,2687,4,0
18002301,2717,5,0
18002301,2715,6,0
18002301,2006,7,0
18002301,22991,8,0
18002301,22992,9,0
18002301,1518,10,0
18002301,1515,11,0
18002301,1514,12,1
