'20260719-Sunday-1-26-06',20260621,1,20260628,1,20260701,1
'20260720-Weekday-1-26-06',20260622,1,20260623,1,20260624,1,20260625,1,20260626,1,20260629,1,20260630,1,20260702,1,20260703,1
'20260801-Saturday-1-26-06',20260627,1,20260704,1
'021R-Weekday-1-26-06',20260622,1,20260623,1,20260624,1,20260629,1,20260630,1,20260702,1,20260703,1
'021R-Weekday-3-26-06',20260625,1,20260626,1
'022R-Weekday-1-26-06',20260622,1,20260623,1,20260624,1,20260625,1,20260626,1,20260629,1,20260630,1,20260702,1,20260703,1
'021R-Saturday-1-26-06',20260704,1
'021R-Saturday-4-26-06',20260627,1
'022R-Saturday-1-26-06',20260704,1
'022R-Saturday-5-26-06',20260627,1
'021R-Sunday-1-26-06',20260621,1
'021R-Sunday-2-26-06',20260701,1
'021R-Sunday-7-26-06',20260628,1
'022R-Sunday-1-26-06',20260621,1,20260628,1
'022R-Sunday-2-26-06',20260701,1
