'20260531-Sunday-2-26-04',20260517,1,20260518,1,20260524,1,20260531,1,20260607,1,20260614,1
'20260601-Holiday1-2-26-04',20260601,1
'20260602-Weekday-2-26-04',20260515,1,20260519,1,20260520,1,20260521,1,20260522,1,20260525,1,20260526,1,20260527,1,20260528,1,20260529,1,20260602,1,20260603,1,20260604,1,20260605,1,20260608,1,20260609,1,20260610,1,20260611,1,20260612,1,20260615,1,20260616,1,20260617,1,20260618,1,20260619,1
'20260606-Saturday-2-26-04',20260516,1,20260523,1,20260530,1,20260606,1,20260613,1,20260620,1
'021R-Weekday-1-26-04',20260519,1,20260520,1,20260521,1,20260522,1,20260525,1,20260526,1,20260601,1,20260602,1,20260603,1,20260604,1,20260605,1,20260608,1,20260609,1,20260610,1,20260611,1,20260612,1,20260615,1,20260616,1,20260617,1,20260618,1,20260619,1
'021R-Weekday-2-26-04',20260515,1
'021R-Weekday-3-26-04',20260527,1,20260528,1,20260529,1
'022R-Weekday-1-26-04',20260519,1,20260520,1,20260521,1,20260522,1,20260525,1,20260526,1,20260601,1,20260602,1,20260603,1,20260604,1,20260605,1,20260608,1,20260609,1,20260610,1,20260611,1,20260612,1,20260615,1,20260616,1,20260617,1,20260618,1,20260619,1
'022R-Weekday-2-26-04',20260515,1
'022R-Weekday-3-26-04',20260527,1,20260528,1,20260529,1
'021R-Saturday-1-26-04',20260530,1,20260606,1,20260613,1,20260620,1
'021R-Saturday-3-26-04',20260516,1
'021R-Saturday-4-26-04',20260523,1
'022R-Saturday-1-26-04',20260530,1,20260606,1,20260613,1,20260620,1
'022R-Saturday-2-26-04',20260516,1
'022R-Saturday-4-26-04',20260523,1
'021R-Sunday-1-26-04',20260531,1,20260607,1,20260614,1
'021R-Sunday-3-26-04',20260517,1
'021R-Sunday-4-26-04',20260524,1
'022R-Sunday-1-26-04',20260531,1,20260607,1,20260614,1
'022R-Sunday-2-26-04',20260517,1
'022R-Sunday-3-26-04',20260518,1
'022R-Sunday-5-26-04',20260524,1
