18002100,49821,1,0
18002100,21131,2,0
18002100,21151,3,0
18002100,99811,4,0
18002100,20141,5,0
18002100,23161,6,0
18002100,19251,7,0
18002100,19261,8,0
18002100,19851,9,0
18002100,19351,10,0
18002100,18761,11,0
18002100,19811,12,0
18002100,18891,13,0
18002100,78301,14,0
18002100,79771,15,1
18002100,4982,16,0
18002100,2114,17,0
18002100,2116,18,0
18002100,9982,19,0
18002100,2014,20,0
18002100,2969,21,0
18002100,1754,22,0
18002100,1926,23,0
18002100,1985,24,0
18002100,1863,25,0
18002100,1691,26,0
18002100,1981,27,0
18002100,1742,28,0
18002100,7830,29,0
18002100,7977,30,1
18002101,79772,1,0
18002101,78302,2,0
18002101,18892,3,0
18002101,19812,4,0
18002101,18762,5,0
18002101,19352,6,0
18002101,19852,7,0
18002101,19262,8,0
18002101,19252,9,0
18002101,23162,10,0
18002101,20142,11,0
18002101,99812,12,0
18002101,21152,13,0
18002101,21132,14,0
18002101,49822,15,1
18002101,7977,16,0
18002101,7692,17,0
18002101,1889,18,0
18002101,1723,19,0
18002101,1876,20,0
18002101,1935,21,0
18002101,1774,22,0
18002101,1891,23,0
18002101,1925,24,0
18002101,2316,25,0
18002101,2019,26,0
18002101,9981,27,0
18002101,2115,28,0
18002101,2113,29,0
18002101,4982,30,1
18002200,2014,1,0
18002200,2969,2,0
18002200,1754,3,0
18002200,1926,4,0
18002200,1985,5,0
18002200,1863,6,0
18002200,1691,7,0
18002200,1117,8,0
18002200,1115,9,0
18002200,1504,10,1
18002200,49821,11,0
18002200,21131,12,0
18002200,21151,13,0
18002200,99811,14,0
18002200,20141,15,0
18002200,23161,16,0
18002200,19251,17,0
18002200,19261,18,0
18002200,19851,19,0
18002200,19351,20,0
18002200,18761,21,0
18002200,11171,22,0
18002200,11141,23,0
18002200,11163,24,1
18002201,11164,1,0
18002201,11142,2,0
18002201,11172,3,0
18002201,18762,4,0
18002201,19352,5,0
18002201,19852,6,0
18002201,19262,7,0
18002201,19252,8,0
18002201,23162,9,0
18002201,20142,10,0
18002201,99812,11,0
18002201,21152,12,0
18002201,21132,13,0
18002201,49822,14,1
18002201,1504,15,0
18002201,1114,16,0
18002201,1118,17,0
18002201,1876,18,0
18002201,1935,19,0
18002201,1774,20,0
18002201,1891,21,0
18002201,1925,22,0
18002201,2316,23,0
18002201,2019,24,1
18002300,1513,1,0
18002300,1516,2,0
18002300,1519,3,0
18002300,22993,4,0
18002300,22990,5,0
18002300,2162,6,0
18002300,2716,7,0
18002300,2718,8,0
18002300,2877,9,0
18002300,3876,10,0
18002300,3607,11,0
18002300,3899,12,1
18002300,3900,13,0
18002300,3606,14,0
18002300,3875,15,0
18002300,2687,16,0
18002300,2717,17,0
18002300,2715,18,0
18002300,2006,19,0
18002300,22991,20,0
18002300,22992,21,0
18002300,1518,22,0
18002300,1515,23,0
18002300,1514,24,1
18002301,3900,1,0
18002301,3606,2,0
18002301,3875,3,0
18002301,2687,4,0
18002301,2717,5,0
18002301,2715,6,0
18002301,2006,7,0
18002301,22991,8,0
18002301,22992,9,0
18002301,1518,10,0
18002301,1515,11,0
18002301,1514,12,1
18002301,1513,13,0
18002301,1516,14,0
18002301,1519,15,0
18002301,22993,16,0
18002301,22990,17,0
18002301,2162,18,0
18002301,2716,19,0
18002301,2718,20,0
18002301,2877,21,0
18002301,3876,22,0
18002301,3607,23,0
18002301,3899,24,1
