180021,18002100,'021R-Weekday-1-26-04',12516,12517,12518,12519,12520,12521,12522,12523,12524,12525,12526,12527,12528,12529,12530,12531,12532,12533,12534,12535,12536,12537,12538,12539,12540,12541,12542,12543,12544,12545,12546,12547,12548,12549,12550,12551,12552,12553,12554,12555,12556,12557,12558,12559,12560,12561,12562,12563,12564,12565,12566,12567,12568,12569,12570,12571,12572,12573,12574,12575,12576,12577,12578,12579,12580,12581,12582,12583,12584,12585,12586,12587,12588,12589,12590,12591,12592,12593,12594,12595,12596,12597,12598,12599,12600,12601,12602,12603,12604,12605,12606,12607,12608,12609,12610,12611,12612,12613,12614,12615,12616,12617,12618,12619,12620,12621,12622,12623,12624,12625,12626,12627,12628,12629,12630,12631,12632,12633,12634,12635,12636,12637,12638,12639,12640,12641,12642,12643,12644,12645,12646,12647,12648,12649,12650,12651,12652
180021,18002100,'021R-Saturday-1-26-04',12927,12928,12929,12930,12931,12932,12933,12934,12935,12936,12937,12938,12939,12940,12941,12942,12943,12944,12945,12946,12947,12948,12949,12950,12951,12952,12953,12954,12955,12956,12957,12958,12959,12960,12961,12962,12963,12964,12965,12966,12967,12968,12969,12970,12971,12972,12973,12974,12975,12976,12977,12978,12979,12980,12981,12982,12983,12984,12985,12986,12987,12988,12989,12990,12991,12992,12993,12994,12995,12996,12997,12998,12999,13000,13001,13002,13003,13004,13005,13006,13007
180021,18002100,'021R-Sunday-1-26-04',13008,13009,13010,13011,13012,13013,13014,13015,13016,13017,13018,13019,13020,13021,13022,13023,13024,13025,13026,13027,13028,13029,13030,13031,13032,13033,13034,13035,13036,13037,13038,13039,13040,13041,13042,13043,13044,13045,13046,13047,13048,13049,13050,13051,13052,13053,13054,13055,13056,13057,13058,13059,13060,13061,13062,13063,13064,13065,13066,13067,13068,13069,13070,13071,13072,13073,13074,13075,13076,13077,13078,13079,13080,13081,13082,13083,13084
180021,18002101,'021R-Weekday-1-26-04',13085,13086,13087,13088,13089,13090,13091,13092,13093,13094,13095,13096,13097,13098,13099,13100,13101,13102,13103,13104,13105,13106,13107,13108,13109,13110,13111,13112,13113,13114,13115,13116,13117,13118,13119,13120,13121,13122,13123,13124,13125,13126,13127,13128,13129,13130,13131,13132,13133,13134,13135,13136,13137,13138,13139,13140,13141,13142,13143,13144,13145,13146,13147,13148,13149,13150,13151,13152,13153,13154,13155,13156,13157,13158,13159,13160,13161,13162,13163,13164,13165,13166,13167,13168,13169,13170,13171,13172,13173,13174,13175,13176,13177,13178,13179,13180,13181,13182,13183,13184,13185,13186,13187,13188,13189,13190,13191,13192,13193,13194,13195,13196,13197,13198,13199,13200,13201,13202,13203,13204,13205,13206,13207,13208,13209,13210,13211,13212,13213,13214,13215,13216,13217,13218,13219
180021,18002101,'021R-Saturday-1-26-04',13490,13491,13492,13493,13494,13495,13496,13497,13498,13499,13500,13501,13502,13503,13504,13505,13506,13507,13508,13509,13510,13511,13512,13513,13514,13515,13516,13517,13518,13519,13520,13521,13522,13523,13524,13525,13526,13527,13528,13529,13530,13531,13532,13533,13534,13535,13536,13537,13538,13539,13540,13541,13542,13543,13544,13545,13546,13547,13548,13549,13550,13551,13552,13553,13554,13555,13556,13557,13558,13559,13560,13561,13562,13563,13564,13565,13566,13567,13568,13569
180021,18002101,'021R-Sunday-1-26-04',13570,13571,13572,13573,13574,13575,13576,13577,13578,13579,13580,13581,13582,13583,13584,13585,13586,13587,13588,13589,13590,13591,13592,13593,13594,13595,13596,13597,13598,13599,13600,13601,13602,13603,13604,13605,13606,13607,13608,13609,13610,13611,13612,13613,13614,13615,13616,13617,13618,13619,13620,13621,13622,13623,13624,13625,13626,13627,13628,13629,13630,13631,13632,13633,13634,13635,13636,13637,13638,13639,13640,13641,13642,13643,13644,13645,13646
180022,18002200,'022R-Weekday-1-26-04',13647,13648,13649,13650,13651,13652,13653,13654,13655,13656,13657,13658,13659,13660,13661,13662,13663,13664,13665,13666,13667,13668,13669,13670,13671,13672,13673,13674,13675,13676,13677,13678,13679,13680,13681,13682,13683,13684,13685,13686,13687,13688,13689,13690,13691,13692,13693,13694,13695,13696,13697,13698,13699,13700,13701,13702,13703,13704,13705,13706,13707,13708,13709,13710,13711,13712,13713,13714,13715,13716,13717,13718,13719,13720,13721,13722,13723,13724,13725,13726,13727,13728,13729,13730,13731
180022,18002200,'022R-Saturday-1-26-04',13902,13903,13904,13905,13906,13907,13908,13909,13910,13911,13912,13913,13914,13915,13916,13917,13918,13919,13920,13921,13922,13923,13924,13925,13926,13927,13928,13929,13930,13931,13932,13933,13934,13935,13936,13937,13938,13939,13940,13941,13942,13943,13944,13945,13946,13947,13948,13949,13950,13951,13952,13953,13954,13955,13956,13957,13958,13959,13960,13961,13962,13963,13964,13965,13966,13967,13968,13969,13970,13971,13972,13973,13974,13975,13976,13977,13978
180022,18002200,'022R-Sunday-1-26-04',14060,14061,14062,14063,14064,14065,14066,14067,14068,14069,14070,14071,14072,14073,14074,14075,14076,14077,14078,14079,14080,14081,14082,14083,14084,14085,14086,14087,14088,14089,14090,14091,14092,14093,14094,14095,14096,14097,14098,14099,14100,14101,14102,14103,14104,14105,14106,14107,14108,14109,14110,14111,14112,14113,14114,14115,14116,14117,14118,14119,14120,14121,14122,14123,14124,14125,14126,14127,14128,14129,14130,14131,14132
180022,18002201,'022R-Weekday-1-26-04',14283,14284,14285,14286,14287,14288,14289,14290,14291,14292,14293,14294,14295,14296,14297,14298,14299,14300,14301,14302,14303,14304,14305,14306,14307,14308,14309,14310,14311,14312,14313,14314,14315,14316,14317,14318,14319,14320,14321,14322,14323,14324,14325,14326,14327,14328,14329,14330,14331,14332,14333,14334,14335,14336,14337,14338,14339,14340,14341,14342,14343,14344,14345,14346,14347,14348,14349,14350,14351,14352,14353,14354,14355,14356,14357,14358,14359,14360,14361,14362,14363,14364,14365,14366
180022,18002201,'022R-Saturday-1-26-04',14535,14536,14537,14538,14539,14540,14541,14542,14543,14544,14545,14546,14547,14548,14549,14550,14551,14552,14553,14554,14555,14556,14557,14558,14559,14560,14561,14562,14563,14564,14565,14566,14567,14568,14569,14570,14571,14572,14573,14574,14575,14576,14577,14578,14579,14580,14581,14582,14583,14584,14585,14586,14587,14588,14589,14590,14591,14592,14593,14594,14595,14596,14597,14598,14599,14600,14601,14602,14603,14604,14605,14606,14607,14608,14609,14610,14611
180022,18002201,'022R-Sunday-1-26-04',14691,14692,14693,14694,14695,14696,14697,14698,14699,14700,14701,14702,14703,14704,14705,14706,14707,14708,14709,14710,14711,14712,14713,14714,14715,14716,14717,14718,14719,14720,14721,14722,14723,14724,14725,14726,14727,14728,14729,14730,14731,14732,14733,14734,14735,14736,14737,14738,14739,14740,14741,14742,14743,14744,14745,14746,14747,14748,14749,14750,14751,14752,14753,14754,14755,14756,14757,14758,14759,14760,14761,14762
180023,18002300,'20260531-Sunday-2-26-04',14909,14910,14911,14912,14913,14914,14915,14916,14917,14918,14919,14920,14921,14922,14923,14924,14925,14926,14927,14928,14929,14930,14931,14932,14933,14934,14935,14936,14937,14938,14939,14940,14941,14942,14943,14944,14945,14946,14947,14948,14949,14950,14951,14952,14953,14954,14955,14956,14957,14958,14959,14960,14961,14962,14963,14964,14965,14966,14967,14968,14969,14970,14971,14972,14973,14974,14975,14976,14977,14978,14979,14980,14981,14982,14983,14984,14985,14986,14987
180023,18002300,'20260602-Weekday-2-26-04',15153,15154,15155,15156,15157,15158,15159,15160,15161,15162,15163,15164,15165,15166,15167,15168,15169,15170,15171,15172,15173,15174,15175,15176,15177,15178,15179,15180,15181,15182,15183,15184,15185,15186,15187,15188,15189,15190,15191,15192,15193,15194,15195,15196,15197,15198,15199,15200,15201,15202,15203,15204,15205,15206,15207,15208,15209,15210,15211,15212,15213,15214,15215,15216,15217,15218,15219,15220,15221,15222,15223,15224,15225,15226,15227,15228,15229,15230,15231,15232,15233,15234,15235,15236,15237,15238,15239,15240,15241,15242,15243,15244,15245,15246,15247,15248,15249,15250,15251,15252,15253,15254,15255,15256,15257,15258,15259,15260,15261,15262,15263,15264,15265,15266,15267,15268,15269,15270,15271,15272,15273,15274,15275,15276,15277,15278,15279,15280,15281,15282,15283,15284,15285,15286,15287,15288,15289,15290,15291,15292,15293,15294,15295,15296,15297,15298,15299,15300,15301,15302,15303,15304,15305,15306,15307,15308,15309,15310,15311,15312,15313,15314
180023,18002300,'20260606-Saturday-2-26-04',15315,15316,15317,15318,15319,15320,15321,15322,15323,15324,15325,15326,15327,15328,15329,15330,15331,15332,15333,15334,15335,15336,15337,15338,15339,15340,15341,15342,15343,15344,15345,15346,15347,15348,15349,15350,15351,15352,15353,15354,15355,15356,15357,15358,15359,15360,15361,15362,15363,15364,15365,15366,15367,15368,15369,15370,15371,15372,15373,15374,15375,15376,15377,15378,15379,15380,15381,15382,15383,15384,15385,15386,15387,15388,15389,15390,15391,15392,15393,15394,15395,15396,15397,15398,15399,15400,15401,15402,15403,15404,15405,15406,15407,15408,15409,15410,15411,15412,15413,15414,15415,15416,15417,15418,15419,15420,15421
180023,18002301,'20260531-Sunday-2-26-04',15422,15423,15424,15425,15426,15427,15428,15429,15430,15431,15432,15433,15434,15435,15436,15437,15438,15439,15440,15441,15442,15443,15444,15445,15446,15447,15448,15449,15450,15451,15452,15453,15454,15455,15456,15457,15458,15459,15460,15461,15462,15463,15464,15465,15466,15467,15468,15469,15470,15471,15472,15473,15474,15475,15476,15477,15478,15479,15480,15481,15482,15483,15484,15485,15486,15487,15488,15489,15490,15491,15492,15493,15494,15495,15496,15497,15498,15499
180023,18002301,'20260602-Weekday-2-26-04',15666,15667,15668,15669,15670,15671,15672,15673,15674,15675,15676,15677,15678,15679,15680,15681,15682,15683,15684,15685,15686,15687,15688,15689,15690,15691,15692,15693,15694,15695,15696,15697,15698,15699,15700,15701,15702,15703,15704,15705,15706,15707,15708,15709,15710,15711,15712,15713,15714,15715,15716,15717,15718,15719,15720,15721,15722,15723,15724,15725,15726,15727,15728,15729,15730,15731,15732,15733,15734,15735,15736,15737,15738,15739,15740,15741,15742,15743,15744,15745,15746,15747,15748,15749,15750,15751,15752,15753,15754,15755,15756,15757,15758,15759,15760,15761,15762,15763,15764,15765,15766,15767,15768,15769,15770,15771,15772,15773,15774,15775,15776,15777,15778,15779,15780,15781,15782,15783,15784,15785,15786,15787,15788,15789,15790,15791,15792,15793,15794,15795,15796,15797,15798,15799,15800,15801,15802,15803,15804,15805,15806,15807,15808,15809,15810,15811,15812,15813,15814,15815,15816,15817,15818,15819,15820,15821,15822,15823,15824,15825,15826,15827,15828,15829
180023,18002301,'20260606-Saturday-2-26-04',15830,15831,15832,15833,15834,15835,15836,15837,15838,15839,15840,15841,15842,15843,15844,15845,15846,15847,15848,15849,15850,15851,15852,15853,15854,15855,15856,15857,15858,15859,15860,15861,15862,15863,15864,15865,15866,15867,15868,15869,15870,15871,15872,15873,15874,15875,15876,15877,15878,15879,15880,15881,15882,15883,15884,15885,15886,15887,15888,15889,15890,15891,15892,15893,15894,15895,15896,15897,15898,15899,15900,15901,15902,15903,15904,15905,15906,15907,15908,15909,15910,15911,15912,15913,15914,15915,15916,15917,15918,15919,15920,15921,15922,15923,15924,15925,15926,15927,15928,15929,15930,15931,15932,15933,15934,15935,15936
